500 2 1
-3.309030041702938 3.0178123264037726 1
-6.864208531715558 -9.161254415171026 1
-1.9171240938748735 -1.4473781658402949 1
-7.892420807979961 -4.347871150062293 1
6.330204659335351 -1.25909570057296 0
8.053838343601946 2.9549657230368016 0
2.0796235368301748 -6.744231858324858 0
0.47902553223338273 -3.408083508476083 0
2.6619112109999357 -5.541529535749201 0
9.84978112472912 -6.474587887301595 0
-3.490452528508614 -3.495452440053226 1
-5.6374938061936675 -9.477769051875082 1
-3.217451840246186 -8.978157155960051 1
-9.982164622518612 7.75910161953103 1
3.320589363682352 -0.05920671115528009 0
7.989394645637205 7.600024422428405 0
-7.068273306983983 6.43599453757378 1
2.269747796868483 -4.648317512803266 0
-6.074130910721458 2.9361192921687707 1
-9.985132225840772 8.153530788355877 1
-8.649523665297531 -3.28551560705312 1
4.616009076851043 -1.1646038605157898 0
6.431591591382116 5.454404853835573 0
0.5471853833679958 -8.156007329789595 0
8.182507733353972 7.062760959074744 0
-9.173491544994889 -6.666092491092053 1
4.751563765350424 -5.9500667966609715 0
-7.853870893777408 -3.7409867396317287 1
-4.43645880845258 -4.677628100980327 1
1.0913759137279158 6.140409627645511 0
-0.21917440938406862 -2.616314881773265 1
4.680659731265063 -9.210267640957374 0
5.9951071635999185 -3.4265884626255154 0
7.421057921716233 5.063961830269065 0
2.9847380421252705 -0.6954194723452201 0
-3.8932579572761394 -7.344394951178694 1
-0.27566367623783883 7.224852843545623 1
2.884306421436996 -9.021782024561544 0
-3.1129767931182872 9.01540300095489 1
-4.014115546527575 4.822698927213775 1
9.949533700178169 -1.8792072470112053 0
4.5704989871253865 -5.289208162210719 0
-6.082668601279133 1.8652804277082993 1
2.930819210445968 3.8629655237619787 0
5.495938037495641 3.0880581812640013 0
-5.07097341894891 8.599548314662478 1
0.34504652200989305 -3.023540079550746 0
3.770269727545264 -5.764117222307982 0
-6.959717704429281 4.631887916410005 1
-4.542213606218821 -2.9689328119567904 1
-9.521940611451452 -4.180094854306042 1
-3.295617686815115 0.70061174978267 1
-3.584378561138635 0.12207139298246084 1
-0.5214131778227209 -9.214831610733222 1
6.660372437565574 1.9084676646025116 0
-7.1376001535903955 3.0013776279924915 1
-4.567403127663978 -5.869922411064321 1
2.8466029480203723 -9.507879407042354 0
-7.9529188596181815 9.667197038478559 1
-3.830224878023567 -6.473530124394442 1
7.679224376418013 9.919141603047073 0
-8.594427997879375 -6.00227054016316 1
6.128524812040041 -5.517026699984573 0
-9.69302581127183 -4.848259977238472 1
2.8534824338634106 -1.256571419344656 0
2.111922032161928 1.8310439819109021 0
9.495449823733328 -3.174548407591587 0
8.90703329744564 -4.751508754851132 0
7.978732120529365 2.337531862656556 0
1.984589081427096 -4.360164472405776 0
4.273825183113136 -8.755551152098924 0
8.155421973940264 -8.824433033013667 0
2.205903593404532 -9.80833806729404 0
3.4839841403142398 -5.811774033602264 0
-5.023609758768974 4.585176879321802 1
8.183437993123238 -2.4539505541528195 0
-8.636219947093267 -7.41231570012536 1
3.250317627747677 -5.3646116686796415 0
-6.045425747808311 -0.3610845656683068 1
0.3638405073864952 -9.604490101647636 0
3.4862755552601357 -1.3642868222178564 0
-1.0199192921548175 -5.037451189020108 1
2.463524796453642 9.92732219878743 0
7.849142757433466 5.481877230290975 0
1.1916769593924066 -5.477760596327139 0
4.547791236661405 9.902837438488309 0
-6.779456921512825 -4.620832869776985 1
-9.770879350345025 5.514545226065577 1
-1.8641477705113516 8.023177727798586 1
9.647530534651658 -2.4839947756129632 0
8.016751118115849 -1.964065532758454 0
3.9678887828508493 6.71973930980004 0
-6.551642957239019 5.795591864853408 1
-2.9425138017275216 4.344859634963276 1
-9.874375743175545 5.041334971603874 1
-0.6105699619032237 5.2417856687084665 1
9.962215940549928 1.323828367386886 0
9.064757386778691 -4.765193476512719 0
-0.18238951266656755 3.342186616760454 1
-8.898026342282883 9.57448493910858 1
4.121763054445786 -3.9832541926430487 0
2.413902638023348 -2.323374567606102 0
-3.1745896798531774 -0.5753783842120708 1
-2.399270423018498 0.13631339124394692 1
5.6673943403203815 -8.14865637130318 0
-2.5426202667133175 -9.300117168636962 1
-0.6304731551571567 4.318485992825892 1
5.884154424124173 0.582214144462796 0
8.053947055274655 7.9891651553855105 0
-7.309074845887656 -7.758677034161588 1
2.48886612523334 3.2615107825848177 0
7.751485176025437 -2.137273438533162 0
8.980998291372494 7.255679340063249 0
5.659897624896129 2.6934626629742535 0
-3.9928089128508155 -3.9476858892451805 1
-5.759127635958898 -8.658331729014987 1
-7.363547477692077 0.12625742191874778 1
-8.924819312555975 -9.05888252496483 1
6.175314903550525 2.1010938240829056 0
-9.440877461205371 6.6850742612427005 1
-5.168362097218424 9.857711191312845 1
-1.3404938578949661 -4.021099276270319 1
-2.6849093696750543 -9.629006678778607 1
-0.14295564089930757 -6.329862954294308 1
-7.206437718554151 -2.400105669621084 1
-4.118292662800251 -8.231971904572891 1
3.5607636367154676 5.85685143316204 0
7.4702629848897 8.997307855862061 0
-5.4989741868561115 -7.1362089287367425 1
-9.323817058088284 0.23098086493407166 1
-5.930655219930339 6.669097943667765 1
9.121813674671326 -9.778005702093582 0
-2.2448330180983316 2.6989035591307484 1
-8.339534895983956 7.4150768003826535 1
-1.9657823409499393 0.6181796466000442 1
-8.083934075986296 -8.377749756467844 1
-8.503523735631799 3.5446866530074175 1
8.282389381580206 4.0135026877886375 0
-4.8591081426316425 9.239858116681386 1
7.15023978235395 3.2034176482720156 0
1.5135897590113636 -0.21747752355925343 0
-9.786531124601014 -7.318838032949284 1
-3.010366809894121 5.848618873303295 1
0.2037798632696699 9.346807874319715 0
0.7240181071656604 -6.794183500332469 0
8.792627552890071 -2.675676031311623 0
-9.392665099361341 -9.4575978266851 1
-5.264564299845365 -7.669414672553991 1
4.948220964026596 -9.052052146926117 0
-4.197041884543113 4.401643149658167 1
6.359919026120664 -1.5995517020918122 0
-1.407920763803185 2.829228177731977 1
6.398919556920092 -0.8702583420181309 0
2.303434337548971 6.273730510503675 0
9.927990205931323 -3.7246715178653256 0
8.047326274791164 -1.1502334659594755 0
-7.295456521318126 -0.20190300846147657 1
2.9658095323444478 3.3764745793514095 0
8.945784903118145 -8.746125650131507 0
1.0608077787846621 -9.015656010245245 0
-1.6980902242164486 4.261055173998331 1
-1.9349855147909416 7.003483082294231 1
-0.2567071638625542 -2.3066691262597168 1
-4.323248264296908 -1.6209221819273107 1
-6.025274347320984 -4.5122306222786595 1
0.21655531457698984 -3.5947074514538047 0
-8.916633431149723 -6.186706240823754 1
-0.38944483439095556 8.83237195397566 1
5.102000630014693 -7.104946222121466 0
-7.045823684825459 -8.839208120696231 1
-1.6663944377118174 6.182304042532518 1
-1.3923027853780106 -0.86716002609508 1
0.0843918842240221 6.766764780530622 0
0.35832139963331855 3.0412734247043964 0
1.8073651818066097 -2.9702295707177377 0
0.4992554699264211 9.807852197518212 0
3.0776897492484867 4.900062325239089 0
5.468597031433745 6.790427632265811 0
4.091935076063326 1.5863865078790607 0
7.271080434319906 0.12018561791506066 0
7.1741745316430965 8.142970439395395 0
3.0768898001864784 8.156050869680357 0
8.970676575163253 5.26174291735154 0
-1.8363026871939603 2.477166939925768 1
-9.71991989880156 9.474176759198311 1
1.8336654050385306 1.3425171632918413 0
-6.5988718658810885 -0.3421994166163529 1
-7.883870100801865 8.978979235774641 1
-6.572896622550315 -7.048824447292981 1
-5.5527926973589885 1.693731818998554 1
0.14483953602437438 6.982615091498513 0
-6.8939242812930885 7.592574888234694 1
2.4989957140160346 -2.451324813771665 0
3.780716769224675 -4.785612059998535 0
-0.1699426393640202 0.5704421895390759 1
-7.038288577288072 -0.6041351651735933 1
1.5021999684938478 3.454458467385283 0
4.045318117956027 8.220824836880332 0
2.3530493933916112 2.5235045245850927 0
-6.2331373994149475 2.573165435691733 1
8.380153750637472 -2.9070368544552982 0
-3.719548208197187 4.233597704041191 1
4.011750493977216 9.754250729385078 0
4.0305221983498 -2.619362302231936 0
1.0914295259240845 -4.6192193786927005 0
-6.750354124991835 -3.9100505142173336 1
6.2217162716187 -2.2688693648651697 0
2.614175515900204 -4.751617902221743 0
-1.0767988513637512 -3.4607909933183674 1
-3.35485992435175 -0.8596616462904159 1
4.836261215650897 6.025541883130213 0
2.8750174551720225 2.029714623968344 0
9.465162753442154 -0.0877775944581689 0
8.940804609702269 -2.6371949327594413 0
-8.587648896530826 -8.85771591575736 1
1.8604070675487847 9.473716442342663 0
7.141631658787549 -7.203171553512854 0
-4.276949196240343 7.526649920190529 1
0.2726883264177715 -1.9442119848553059 0
3.818722472717237 3.826999286156717 0
7.441999171311725 9.656270975632882 0
-6.227409753317385 8.952405133804959 1
-6.443991230246276 -6.954031355983412 1
-4.980179941321474 -2.6884769363585477 1
-9.817303411580395 8.369171261940785 1
4.976081013917595 3.8452447067371693 0
-9.065327850697948 8.336609793934265 1
-7.164343433764417 -5.088050046035719 1
-0.7918859312081175 -3.021002732278875 1
-3.597440185235228 -6.578091565627613 1
-0.5710123800086571 -4.290809464335945 1
-9.43237931766382 6.220200239251433 1
7.862578433075189 -3.6253961576889537 0
3.3804866048817317 8.544696972997098 0
2.6637550115180453 5.012751199421334 0
-2.204004481356117 9.333339824561413 1
-2.0549833146762992 4.454832644282309 1
-6.892701823251808 -0.13652265826076437 1
-4.067707825612841 -5.9757265078213395 1
5.175496995518678 -3.121653876970405 0
-0.08205569043060734 -9.085701810619526 1
-7.622692313753525 4.360907359347259 1
-8.211538654267052 9.56632892975118 1
4.959962760215856 -9.562733675119372 0
8.781233462815958 -0.9885575342717683 0
-5.3842645082764795 -1.539319133836445 1
-2.8755940458098923 -7.468339461485138 1
-3.33528678618499 0.2503520777327104 1
-1.5640073065289215 8.300620023036533 1
-2.548421354036659 -4.441044651736883 1
2.079630603650525 -0.03191373691685939 0
-3.244471072359567 4.7752854847035575 1
8.900546616453308 5.908647786775923 0
-0.2717707601560697 6.6602525305004825 1
-9.976312209877289 3.02450628903121 1
-3.5948558201013654 -0.39099183772947654 1
-1.9332800598448951 7.940511760374083 1
-2.065675479981122 0.1012608354178326 1
-9.860112480872589 -5.928360538707123 1
-9.112913505922561 -9.294145273835188 1
-1.8711961425040755 -7.665072072539633 1
-6.999614612787342 -1.7796627212894691 1
-1.4290794304330685 1.3886314497789076 1
5.9065606440368335 8.398802190854035 0
4.031181175302507 -8.11847229666247 0
-8.03256767522591 4.636284072326653 1
5.734242352518379 2.948225290474035 0
-7.167185397090405 -6.973004653282658 1
7.4433555508836164 -8.021584612834612 0
-1.1094547394685517 -6.19104654538458 1
-3.3196980034526007 -1.0867545771269285 1
6.2853891108446724 -3.688403691220161 0
-7.821866460755016 -1.4774554515416192 1
-2.6274092886842615 -0.23362282993534045 1
-1.0564277072340857 -9.326625310973872 1
-4.839793140228583 -4.301027959351796 1
5.381768148029993 5.830955591978178 0
-3.292338230133918 9.83341011114657 1
9.181779123072754 6.817041540344054 0
-3.5264139992583914 8.578557072811222 1
3.8111011981831933 -4.516431067471367 0
3.190839976779177 2.329197926895578 0
-2.5418040092102023 5.793539294126175 1
-1.0475734243495953 4.731558198346855 1
5.467257878972765 -1.5360916127033502 0
-0.011083979742750216 2.7061395767800445 1
-5.960285886203998 8.262765656659624 1
8.147061221851096 0.6544524759562691 0
2.6751113487028633 -2.9691841906682903 0
8.99919278099928 -6.335712269707896 0
4.097528098427386 5.299226790420477 0
-0.6325038409328432 -7.667203573020458 1
4.740916797547232 -4.9501998705880474 0
-2.1742951896949396 0.46546571023353245 1
-1.6597238944305932 -6.78632081493882 1
1.1315494881312187 8.810647257254168 0
-7.221543335826659 -7.311283631917349 1
-5.382569939711881 -2.5835957431067076 1
-6.215326200065614 -2.8748326975107164 1
-6.20367469190692 2.761943381092376 1
1.5831069349158167 -9.157881231409913 0
9.223319259126615 -5.42487453345029 0
6.945701781652712 5.158924206118618 0
-8.22252990205868 7.8882818181400935 1
4.092168938921441 -6.6981633386252115 0
-7.8845534440423055 -3.26053305925206 1
6.292022349707359 2.9820209590603284 0
4.871432707319162 -4.333654072345896 0
6.7536006603887415 -3.0219737863125236 0
7.5871651644599325 6.966611250274319 0
-9.380549649875736 7.769905990613836 1
2.640818452616724 0.42382343511939524 0
6.175290262540468 1.053910365142503 0
8.719370386878055 -5.642598561937766 0
-6.709835044954067 4.812753966732579 1
-3.60413979696993 -0.06815916155852797 1
7.080300545121588 4.083038321617291 0
0.14589292984743807 1.739460025491148 0
3.8682336119680087 0.2780034194460441 0
7.127986837196062 6.6354336548688515 0
-7.124489471023607 5.383718911084429 1
2.7831448100827103 -9.580203732561959 0
-9.629604782235814 8.864189050270173 1
-8.91223972041712 8.2565899454707 1
7.925531642553054 8.222507338985153 0
-0.5053391208013416 -7.0581868240904555 1
6.81002371000265 9.015280105311088 0
-8.960937814743177 -0.48122935649421983 1
-7.787769640782802 -8.34404263235368 1
7.376671250471503 -1.2611214871542877 0
4.818371892061338 4.726663563448037 0
2.5899623573789192 -8.16829591829519 0
-7.493904842421058 8.292492182319023 1
8.414355055660018 -0.7134687643736886 0
9.073872313583262 -3.260725126618267 0
6.5221328097536215 -8.231546296182993 0
-4.893769678709687 0.07852905884987393 1
-2.900155404090457 -7.419780794487045 1
9.998977846037356 -8.02951669522096 0
0.3668186404878515 0.205524525528201 0
-2.4988255483238824 -9.220213529621988 1
-2.826509765538052 -4.752031526830461 1
0.9462998066104173 2.236064247479808 0
6.1235714742677985 7.768142746236624 0
6.479156674771204 -0.09811679697171627 0
-7.070292805332253 6.696037556221437 1
-3.345238288067365 -4.49321273111104 1
-4.385811827598207 -5.080536246295841 1
-6.2464200704407835 -2.955278095776528 1
5.484970587470093 -1.5814238549905806 0
-6.332988759193762 2.167193303900614 1
7.272665907319798 1.2541051721949596 0
2.5155779667018727 0.3138513614964893 0
7.029367091265904 -4.688382215328815 0
-0.26705578751961845 -3.997331607725709 1
1.7105898752173196 -2.6668763978041232 0
-0.24262982031280345 7.846846672142771 1
0.7669884737907573 -0.47932384816047247 0
5.38699967769648 6.256851255808055 0
0.0998785093644976 -1.285375515729715 0
-0.8135617865701974 -4.898714290577217 1
-4.504647024303765 8.60168872028585 1
0.8001897455357678 1.4119882965819848 0
-3.132570725639672 -7.589553164070533 1
5.324870528285157 -1.3101793915862103 0
5.8271947283922785 -9.394190822568198 0
7.68433945127596 5.8964419243519455 0
-4.42755432931814 8.19132845860235 1
-7.560636502274452 5.776815696389386 1
-6.496529713053554 0.4011005040657434 1
-8.205106159314733 6.691700867946672 1
9.964878949388812 9.808304113303528 0
-8.047352563484598 6.583655934504954 1
5.845714922382577 -4.2461982431824 0
-7.657115229159947 -9.121750826693996 1
6.3297453290266645 1.851426753198293 0
-7.131682048410282 9.23202691012126 1
2.0606531411734075 -2.0657917863890907 0
6.417159998777933 -5.640386027382595 0
-4.848839815279673 -4.6483055730284795 1
-4.524478282420887 -0.7082144311367085 1
3.8158608125675357 -0.5490036637180733 0
5.020006998007222 3.410038680572441 0
4.654627835355736 -2.105922702600296 0
-5.950716022282867 0.06278876175882964 1
5.573146686505083 -9.80179413932699 0
2.0145312108148854 -5.556606744216213 0
1.73230234659707 3.696090335050277 0
-3.2824467403740076 1.1623845181927308 1
7.259689296387659 -5.1659321138554475 0
-7.862492431790605 -0.7133752172995234 1
-9.035883662303652 -3.886147643698541 1
-5.370829070716434 -9.082077858268942 1
3.4548866583662523 7.086906731594567 0
-7.282507863101831 9.079575804447686 1
-6.023594371116417 -8.248229690170534 1
6.796894275829793 3.3253169675088614 0
-3.254824110623389 0.28339383488114755 1
-8.504534237869883 2.1484054754093727 1
2.6122819140744884 -0.14803244645598213 0
-8.610679263554992 7.540900887267444 1
1.4953958745368912 6.196857411874269 0
-9.512314829411288 -7.502974859457046 1
2.6548936079401066 6.990803859074141 0
-0.3218648482504527 -0.33240184473949697 1
7.392710415208931 5.825192443471023 0
-0.08227797744021714 8.128936578623463 1
-8.537898036787968 5.590466620665245 1
-2.074594214101591 2.8306766038804287 1
6.574616567258584 1.1580237643532882 0
-0.502977579396056 7.621651239251662 1
-1.5571174277896809 2.1551213286305035 1
5.972582947647648 -7.278018284941177 0
1.2279366067607693 0.9734943223641821 0
0.9651053781953003 -0.20344836651164044 0
0.11309106253429846 -0.5140731162684791 0
6.35890147286009 9.193970637029864 0
-7.712346916692221 -2.461379429247752 1
6.2199147671190005 1.6905438166090843 0
-9.51682635057546 -0.6587607854570514 1
-3.28609005263316 -1.9348421482333613 1
-8.360909503942285 -2.8083230180977576 1
-5.613446185696178 -8.060869067068326 1
-2.553055332325707 -3.4971177487040013 1
1.8038622374376416 -2.197103385962375 0
-0.10586261986303924 -9.66132104552595 1
8.388186237828549 1.6360240560847554 0
9.910197359721469 -9.503818703886695 0
-7.12677888322506 0.6675037781198725 1
5.801984439996964 9.030752270802733 0
0.2068024545675673 9.650819427729946 0
-2.7641100608142004 -0.9812614133881077 1
2.1313089596342376 9.438391897344122 0
0.1608621042808842 7.8130700814458045 0
6.400114851263872 1.5737829326538275 0
-4.3472795717040675 -8.609068379146462 1
8.69703996376779 1.9537259144592412 0
-6.366019433837302 -1.428470127518441 1
-5.691496959431124 4.378210040216947 1
-8.091772102433083 0.32758778175468173 1
4.544317347302854 7.366808440517122 0
6.547043269181344 -5.13599888782696 0
9.265064968442388 -0.6703062260045893 0
5.294851432437289 7.745517686225124 0
-9.432574082065022 -6.537195405736211 1
2.6553880642849848 -3.3199809644155343 0
-9.039581406983427 -2.3590283136229084 1
1.373630227879847 -4.383294930422849 0
1.669427635071889 1.4464643395166803 0
-5.486601353682648 6.571750799385644 1
-7.534591009122424 -2.76217418952192 1
1.695732132799277 0.5893943585514343 0
7.770721609706154 -9.333784702943342 0
9.570787734399438 0.284961075996339 0
8.496001856260676 4.753507028266251 0
-3.4301908534465415 3.0409462550490893 1
0.04642346021609889 4.653428992166193 0
-7.300327706455684 -9.519406040449246 1
5.063435220538153 7.762891432523801 0
2.5056076744540654 -0.46407346257960924 0
3.3235173692162263 -8.411310375818681 0
-9.454555879943731 2.499800856538414 1
-0.3251361423898338 6.921702247466758 1
5.758487474549817 4.6170089062511686 0
-8.942459726010688 -7.988651621948528 1
-8.800003175021923 -3.0014401298923428 1
2.894840935283005 -9.120560329948148 0
-7.243148442833991 -8.490832572359789 1
0.019350690222326605 5.51392934905971 0
2.307229550529728 6.457406909932633 0
-6.211599671949715 8.462705102470732 1
2.360058272038126 6.950911665694669 0
-4.97590148171801 -0.824849825777644 1
-7.279122640353684 2.9728844636563743 1
4.039353962669441 -3.1238435203523762 0
-2.788293021785167 -8.362074620664163 1
-3.6830258166568752 1.5832439230244297 1
6.55719076066892 2.920131606964425 0
6.481775317097988 6.306576318895505 0
-4.818225303482078 5.429094359642001 1
-3.922051936342328 8.582284900176656 1
8.790263857204778 7.712359146527476 0
-6.2837918762738205 5.5055158458175395 1
2.821964027175902 -8.883443934195906 0
-4.044504553910013 7.8316267132740975 1
6.361439454412814 -7.261978768391426 0
6.147714808583597 1.7489970116920457 0
-5.090309450953034 -5.400082401146065 1
2.518631464060995 4.3653485742696745 0
-6.697057931822517 -9.038047679208338 1
9.55574218687729 -4.175717721519517 0
0.8253773349612672 1.6230716519904327 0
4.362415536446614 -4.78016469966988 0
-6.08884404990085 2.8428946917760207 1
6.468906974967453 6.012261994744968 0
-3.3589752836745745 3.774403720493474 1
-2.018948479049241 -7.195182607329844 1
-8.67139637264809 7.599854180923579 1
6.287240017492682 3.402486360076649 0
-6.862288415359634 5.248057012841549 1
